10,195
10,270
10,133
10,7
10,128
11,12
11,13
11,21
11,2
11,3
9,6
9,4
8,15
8,18
8,8
8,5
8,14
0,423
678,5
678,4
678,3
678,2
678,1
678,0
675,5
675,4
675,3
675,2
675,1
675,0
674,5
674,4
674,3
674,2
674,1
674,0
666,4
666,3
666,2
666,1
666,0
665,4
665,3
665,2
665,1
665,0
660,4
660,3
660,2
660,1
660,0
659,3
659,2
659,1
659,0
658,3
658,2
658,1
658,0
655,5
655,4
655,3
655,2
655,1
653,4
653,3
653,1
651,4
651,1
649,5
649,4
649,3
649,2
649,1
648,3
648,1
20,3
20,2
20,1
19,3
19,2
19,1
18,3
18,1
14,6
14,4
14,3
14,1
13,3
13,1
12,3
12,2
12,1
11,30
11,29
11,28
11,27
11,26
11,24
11,23
11,22
11,19
11,18
11,14
11,1
11,11
10,264
10,257
10,100
10,74
10,72
10,31
10,1
10,11
2,2
2,1
10,3
2,3
